1745791214970 0.4953979853841596 0
1745791454931 0.718625320955955 1
1745791805342 0.7605372308907762 2
1745792122435 0.7908749753110804 3
1745792369678 0.8080584633616433 4
1745792593764 0.8195536243333992 5
1745792917829 0.8331029034169465 6
1745793235630 0.8453091052735532 7
1745793474270 0.8474422279281059 8
1745793707965 0.854513134505234 9
1745793922162 0.8641911909934821 10
1745794165124 0.8660477977483705 11
1745794425247 0.868891961287774 12
1745794670745 0.873592731582066 13
1745794898151 0.8786095200474028 14
