1745791214970 312.4169547557831 0
1745791454931 226.32300877571106 1
1745791805342 333.01239490509033 2
1745792122435 304.62628650665283 3
1745792369678 233.66033244132996 4
1745792593764 210.36381483078003 5
1745792917829 309.6872305870056 6
1745793235630 303.2831165790558 7
1745793474270 223.94199895858765 8
1745793707965 221.82302618026733 9
1745793922162 202.41280794143677 10
1745794165124 230.60506653785706 11
1745794425247 246.33008790016174 12
1745794670745 232.04713463783264 13
1745794898151 216.5967288017273 14
