1745791214970 1.4671243532917881 0
1745791454931 0.8597938685442026 1
1745791805342 0.7339531276528021 2
1745792122435 0.651459312352363 3
1745792369678 0.601239342550763 4
1745792593764 0.5641749867615222 5
1745792917829 0.5298091121663917 6
1745793235630 0.49336306206159536 7
1745793474270 0.4834370352477847 8
1745793707965 0.4590424731925638 9
1745793922162 0.43909632236727963 10
1745794165124 0.42635380791115446 11
1745794425247 0.41311959224645417 12
1745794670745 0.40150554482992773 13
1745794898151 0.3919215990358108 14
