1745841860198 29.431835889816284 0
1745841892314 30.647013902664185 1
1745841923895 30.229259729385376 2
1745841956232 30.82500410079956 3
1745841989104 31.354195594787598 4
1745842023549 32.870094537734985 5
1745842057815 32.74472212791443 6
1745842090727 31.41210651397705 7
1745842124250 32.08231592178345 8
1745842157762 32.037413358688354 9
1745842190122 30.92435359954834 10
1745842223473 31.93613839149475 11
1745842256294 31.36866807937622 12
1745842289866 32.11189341545105 13
1745842322578 30.963589906692505 14
