1745841860198 0.7921663185935031 0
1745841892314 0.6139934065499539 1
1745841923895 0.5589276969687008 2
1745841956232 0.5311979623809298 3
1745841989104 0.5085862135327955 4
1745842023549 0.4727167341310078 5
1745842057815 0.4619186816057925 6
1745842090727 0.4304726064713525 7
1745842124250 0.42122513211485163 8
1745842157762 0.40665307314570015 9
1745842190122 0.4010807050348345 10
1745842223473 0.3827894586267502 11
1745842256294 0.3661658420904613 12
1745842289866 0.3613470533826966 13
1745842322578 0.3558624869565974 14
