1745845813375 32.273157835006714 0
1745845848968 33.93334221839905 1
1745845884177 33.71019530296326 2
1745845919793 34.12661910057068 3
1745845955066 33.76735281944275 4
1745845990237 33.730058431625366 5
1745846025041 33.233272314071655 6
1745846064270 37.39638423919678 7
1745846103460 37.28076195716858 8
1745846136775 31.739819288253784 9
1745846185573 47.13170599937439 10
1745846225545 38.109710931777954 11
1745846265504 38.32724976539612 12
1745846301881 34.85316181182861 13
1745846338876 35.417057514190674 14
