1745845813375 0.7163999666537303 0
1745845848968 0.5536260036771485 1
1745845884177 0.4919481311779795 2
1745845919793 0.46309159314835757 3
1745845955066 0.4549870272752827 4
1745845990237 0.4227766806065147 5
1745846025041 0.4027158959206742 6
1745846064270 0.3842590671580738 7
1745846103460 0.362998496351847 8
1745846136775 0.3530873658338081 9
1745846185573 0.34151370289610394 10
1745846225545 0.328582809400012 11
1745846265504 0.31617595795502285 12
1745846301881 0.30403328721107703 13
1745846338876 0.30089869258055557 14
