1745847213402 0.8738692474817302 0
1745847349271 0.8973335966818092 1
1745847468366 0.9072486667983409 2
1745847577165 0.9139640529330436 3
1745847689368 0.9151096188030812 4
1745847804884 0.9200079004542762 5
1745847917864 0.9221410231088287 6
1745848033653 0.9294884455856212 7
1745848153357 0.9334386727236816 8
1745848274066 0.9363618408058464 9
1745848383421 0.9372308907762197 10
1745848489271 0.9396800316018171 11
1745848592559 0.9428007110408848 12
1745848794711 0.9431957337546909 13
1745848912959 0.9433537428402133 14
