1745847213402 121.02012062072754 0
1745847349271 125.11244940757751 1
1745847468366 113.79435229301453 2
1745847577165 103.27383613586426 3
1745847689368 106.88572573661804 4
1745847804884 109.53995609283447 5
1745847917864 107.38946104049683 6
1745848033653 110.12864947319031 7
1745848153357 113.63339138031006 8
1745848274066 114.57358074188232 9
1745848383421 103.88867473602295 10
1745848489271 100.52507424354553 11
1745848592559 97.98562407493591 12
1745848794711 196.83596515655518 13
1745848912959 109.08320188522339 14
