1745847213402 0.3858938461313152 0
1745847349271 0.2986096387007759 1
1745847468366 0.2751215625747295 2
1745847577165 0.2587630323817411 3
1745847689368 0.24613845904680723 4
1745847804884 0.23157532663400499 5
1745847917864 0.22257661921768176 6
1745848033653 0.19442676353037114 7
1745848153357 0.18299822256778586 8
1745848274066 0.17461071039072873 9
1745848383421 0.16692200118754663 10
1745848489271 0.16264061243005629 11
1745848592559 0.15413677824992952 12
1745848794711 0.14960858681246836 13
1745848912959 0.1467427980167696 14
