1745875957318 0.5224248164811746 0
1745876137168 0.764574946720341 1
1745876324039 0.8059673218091404 2
1745876509328 0.8258583945062752 3
1745876696356 0.8434762017523088 4
1745876881973 0.8532322993132844 5
1745877067855 0.8634619938432394 6
1745877254280 0.8705185886810325 7
1745877439158 0.8806535638171916 8
1745877628470 0.884300260478333 9
1745877815571 0.8895571868340043 10
1745878002293 0.9088799431683637 11
1745878190344 0.9191096376983188 12
1745878372718 0.9205777883021549 13
1745878552996 0.9255505564764386 14
1745878742782 0.9238456073881127 15
1745878930455 0.9289604546530902 16
1745879121033 0.9306180440445181 17
1745879315794 0.9318020364669666 18
1745879507793 0.9349277764622307 19
1745879696845 0.9327965901018234 20
1745879884475 0.9342173810087615 21
1745880071662 0.9457731470518589 22
