1745875957318 0.001 0
1745876137168 0.001 1
1745876324039 0.001 2
1745876509328 0.001 3
1745876696356 0.001 4
1745876881973 0.001 5
1745877067855 0.001 6
1745877254280 0.001 7
1745877439158 0.001 8
1745877628470 0.001 9
1745877815571 0.001 10
1745878002293 0.0005 11
1745878190344 0.0005 12
1745878372718 0.0005 13
1745878552996 0.0005 14
1745878742782 0.0005 15
1745878930455 0.0005 16
1745879121033 0.0005 17
1745879315794 0.0005 18
1745879507793 0.0005 19
1745879696845 0.0005 20
1745879884475 0.0005 21
1745880071662 0.00025 22
