1745875957318 383.7645618915558 0
1745876137168 169.60493636131287 1
1745876324039 176.724182844162 2
1745876509328 175.2392499446869 3
1745876696356 177.09375429153442 4
1745876881973 175.59002256393433 5
1745877067855 175.92649173736572 6
1745877254280 176.40681219100952 7
1745877439158 174.58459782600403 8
1745877628470 179.28826069831848 9
1745877815571 177.21888971328735 10
1745878002293 176.93702101707458 11
1745878190344 177.56989932060242 12
1745878372718 172.84959506988525 13
1745878552996 170.83278942108154 14
1745878742782 180.05697798728943 15
1745878930455 177.6125557422638 16
1745879121033 180.32188606262207 17
1745879315794 184.60500717163086 18
1745879507793 182.12286114692688 19
1745879696845 179.16361474990845 20
1745879884475 177.36603140830994 21
1745880071662 177.1597375869751 22
