1745875957318 1.2983780487920298 0
1745876137168 0.6893576015012733 1
1745876324039 0.5749223948061241 2
1745876509328 0.5132100818537627 3
1745876696356 0.46425502589677997 4
1745876881973 0.42827714471725015 5
1745877067855 0.40464160120904896 6
1745877254280 0.3867193394361741 7
1745877439158 0.35887104636834316 8
1745877628470 0.34470793402711436 9
1745877815571 0.3251307447832501 10
1745878002293 0.264793193862583 11
1745878190344 0.2433241242339136 12
1745878372718 0.22852629876587977 13
1745878552996 0.2227389258379293 14
1745878742782 0.2198210700991419 15
1745878930455 0.20682277254739098 16
1745879121033 0.2058642867781931 17
1745879315794 0.20215066009188762 18
1745879507793 0.19059244781894835 19
1745879696845 0.1927413753863992 20
1745879884475 0.19108001316337983 21
1745880071662 0.15779052458903717 22
